iter 0 - END
known_ones_index: 128
predicted_ones_index: 19388
count_existing_elements_10: 1
count_existing_elements_100: 7
count_existing_elements_1000: 87
Accuracy: 0.7039475214589779
Precision: 0.7179698782752217
Recall: 0.6572548278955569
F1: 0.6862720930805827
MCC: 0.408466609494541
------------------
------------------
